1 0.43203125 0.8898148148148148 0.008854166666666666 0.10925925925925926
1 0.44088541666666664 0.8898148148148148 0.008854166666666666 0.10925925925925926
4 0.45859374999999997 0.8898148148148148 0.0265625 0.10925925925925926
2 0.4856770833333333 0.8898148148148148 0.027604166666666666 0.10925925925925926
1 0.50390625 0.8898148148148148 0.008854166666666666 0.10925925925925926
8 0.5221354166666666 0.8898148148148148 0.027604166666666666 0.10925925925925926
1 0.8223958333333333 0.8870370370370371 0.0125 0.15185185185185185
3 0.8463541666666666 0.8870370370370371 0.035416666666666666 0.15185185185185185
3 0.8817708333333333 0.8870370370370371 0.035416666666666666 0.15185185185185185
5 0.9184895833333333 0.8870370370370371 0.03802083333333333 0.15185185185185185
2 0.9565104166666667 0.8870370370370371 0.03802083333333333 0.15185185185185185
1 0.9817708333333334 0.8870370370370371 0.0125 0.15185185185185185
3 0.022135416666666668 0.24027777777777778 0.0234375 0.10092592592592593
9 0.046614583333333334 0.24027777777777778 0.025520833333333333 0.10092592592592593
6 0.07213541666666666 0.24027777777777778 0.025520833333333333 0.10092592592592593
0 0.09765625 0.24027777777777778 0.025520833333333333 0.10092592592592593
0 0.12317708333333333 0.24027777777777778 0.025520833333333333 0.10092592592592593
0 0.14869791666666665 0.24027777777777778 0.025520833333333333 0.10092592592592593
7 0.171875 0.5175925925925926 0.025 0.0962962962962963
5 0.196875 0.5175925925925926 0.025 0.0962962962962963
4 0.221875 0.5175925925925926 0.025 0.0962962962962963
8 0.24687499999999998 0.5175925925925926 0.025 0.0962962962962963
4 0.271875 0.5175925925925926 0.025 0.0962962962962963
1 0.28880208333333335 0.5175925925925926 0.008854166666666666 0.0962962962962963
6 0.2908854166666667 0.6893518518518519 0.0484375 0.1527777777777778
5 0.33932291666666664 0.6893518518518519 0.0484375 0.1527777777777778
7 0.38776041666666666 0.6893518518518519 0.0484375 0.1527777777777778
3 0.4361979166666667 0.6893518518518519 0.0484375 0.1527777777777778
8 0.48463541666666665 0.6893518518518519 0.0484375 0.1527777777777778
9 0.5330729166666667 0.6893518518518519 0.0484375 0.1527777777777778
0 0.12760416666666666 0.7240740740740741 0.015625 0.061111111111111116
0 0.14322916666666666 0.7240740740740741 0.015625 0.061111111111111116
0 0.15885416666666666 0.7240740740740741 0.015625 0.061111111111111116
9 0.17447916666666666 0.7240740740740741 0.015625 0.061111111111111116
8 0.19010416666666666 0.7240740740740741 0.015625 0.061111111111111116
7 0.20572916666666666 0.7240740740740741 0.015625 0.061111111111111116
5 0.11640625 0.40185185185185185 0.0203125 0.07407407407407407
3 0.13671875 0.40185185185185185 0.0203125 0.07407407407407407
2 0.15703125 0.40185185185185185 0.0203125 0.07407407407407407
3 0.17734375 0.40185185185185185 0.0203125 0.07407407407407407
0 0.19765625 0.40185185185185185 0.0203125 0.07407407407407407
5 0.21796875 0.40185185185185185 0.0203125 0.07407407407407407
