6 0.40859375 0.2550925925925926 0.05677083333333333 0.225
3 0.4630208333333333 0.2550925925925926 0.052083333333333336 0.225
8 0.5174479166666667 0.2550925925925926 0.05677083333333333 0.225
9 0.57421875 0.2550925925925926 0.05677083333333333 0.225
2 0.6309895833333333 0.2550925925925926 0.05677083333333333 0.225
0 0.6877604166666667 0.2550925925925926 0.05677083333333333 0.225
0 0.5651041666666666 0.700462962962963 0.05416666666666667 0.19722222222222224
8 0.6192708333333333 0.700462962962963 0.05416666666666667 0.19722222222222224
0 0.6734375 0.700462962962963 0.05416666666666667 0.19722222222222224
7 0.7276041666666666 0.700462962962963 0.05416666666666667 0.19722222222222224
5 0.7817708333333333 0.700462962962963 0.05416666666666667 0.19722222222222224
5 0.8359375 0.700462962962963 0.05416666666666667 0.19722222222222224
5 0.16744791666666667 0.6032407407407407 0.0109375 0.04166666666666667
8 0.17838541666666666 0.6032407407407407 0.0109375 0.04166666666666667
5 0.18932291666666667 0.6032407407407407 0.0109375 0.04166666666666667
4 0.20026041666666666 0.6032407407407407 0.0109375 0.04166666666666667
6 0.21119791666666665 0.6032407407407407 0.0109375 0.04166666666666667
6 0.22213541666666667 0.6032407407407407 0.0109375 0.04166666666666667
4 0.828125 0.44722222222222224 0.027083333333333334 0.10555555555555556
1 0.8463541666666666 0.44722222222222224 0.009375 0.10555555555555556
5 0.8645833333333334 0.44722222222222224 0.027083333333333334 0.10555555555555556
6 0.8916666666666666 0.44722222222222224 0.027083333333333334 0.10555555555555556
8 0.91875 0.44722222222222224 0.027083333333333334 0.10555555555555556
5 0.9458333333333333 0.44722222222222224 0.027083333333333334 0.10555555555555556
7 0.5729166666666666 0.05416666666666667 0.013541666666666667 0.058333333333333334
9 0.5869791666666666 0.05416666666666667 0.014583333333333334 0.058333333333333334
2 0.6015625 0.05416666666666667 0.014583333333333334 0.058333333333333334
5 0.6161458333333333 0.05416666666666667 0.014583333333333334 0.058333333333333334
6 0.6307291666666667 0.05416666666666667 0.014583333333333334 0.058333333333333334
2 0.6453125 0.05416666666666667 0.014583333333333334 0.058333333333333334
