3 0.55703125 0.2152777777777778 0.044270833333333336 0.19166666666666668
4 0.6026041666666666 0.2152777777777778 0.046875 0.19166666666666668
4 0.6494791666666666 0.2152777777777778 0.046875 0.19166666666666668
6 0.6971354166666667 0.2152777777777778 0.0484375 0.19166666666666668
0 0.7455729166666667 0.2152777777777778 0.0484375 0.19166666666666668
4 0.7932291666666667 0.2152777777777778 0.046875 0.19166666666666668
4 0.057291666666666664 0.5194444444444445 0.040625 0.16666666666666669
9 0.0984375 0.5194444444444445 0.041666666666666664 0.16666666666666669
3 0.13854166666666667 0.5194444444444445 0.03854166666666667 0.16666666666666669
4 0.178125 0.5194444444444445 0.040625 0.16666666666666669
8 0.21927083333333333 0.5194444444444445 0.041666666666666664 0.16666666666666669
3 0.259375 0.5194444444444445 0.03854166666666667 0.16666666666666669
0 0.24817708333333333 0.8615740740740742 0.0203125 0.0787037037037037
9 0.26848958333333334 0.8615740740740742 0.0203125 0.0787037037037037
2 0.28880208333333335 0.8615740740740742 0.0203125 0.0787037037037037
2 0.3091145833333333 0.8615740740740742 0.0203125 0.0787037037037037
7 0.3294270833333333 0.8615740740740742 0.0203125 0.0787037037037037
0 0.3497395833333333 0.8615740740740742 0.0203125 0.0787037037037037
3 0.765625 0.8814814814814815 0.011458333333333333 0.040740740740740744
5 0.7770833333333333 0.8814814814814815 0.011458333333333333 0.040740740740740744
5 0.7885416666666667 0.8814814814814815 0.011458333333333333 0.040740740740740744
2 0.8 0.8814814814814815 0.011458333333333333 0.040740740740740744
8 0.8114583333333333 0.8814814814814815 0.011458333333333333 0.040740740740740744
1 0.8200520833333333 0.8814814814814815 0.005729166666666666 0.040740740740740744
1 0.56640625 0.7115740740740741 0.07447916666666667 0.23611111111111113
6 0.6408854166666667 0.7115740740740741 0.07447916666666667 0.23611111111111113
7 0.7153645833333333 0.7115740740740741 0.07447916666666667 0.23611111111111113
2 0.78984375 0.7115740740740741 0.07447916666666667 0.23611111111111113
5 0.8643229166666666 0.7115740740740741 0.07447916666666667 0.23611111111111113
7 0.9388020833333334 0.7115740740740741 0.07447916666666667 0.23611111111111113
