9 0.3989583333333333 0.12638888888888888 0.052083333333333336 0.18981481481481483
5 0.4510416666666667 0.12638888888888888 0.052083333333333336 0.18981481481481483
9 0.503125 0.12638888888888888 0.052083333333333336 0.18981481481481483
9 0.5552083333333333 0.12638888888888888 0.052083333333333336 0.18981481481481483
2 0.6072916666666667 0.12638888888888888 0.052083333333333336 0.18981481481481483
6 0.659375 0.12638888888888888 0.052083333333333336 0.18981481481481483
9 0.5947916666666666 0.2972222222222222 0.017708333333333333 0.06481481481481481
4 0.6125 0.2972222222222222 0.017708333333333333 0.06481481481481481
9 0.6302083333333334 0.2972222222222222 0.017708333333333333 0.06481481481481481
2 0.6479166666666667 0.2972222222222222 0.017708333333333333 0.06481481481481481
3 0.665625 0.2972222222222222 0.017708333333333333 0.06481481481481481
4 0.6833333333333333 0.2972222222222222 0.017708333333333333 0.06481481481481481
8 0.42213541666666665 0.5347222222222222 0.0203125 0.0638888888888889
5 0.44244791666666666 0.5347222222222222 0.0203125 0.0638888888888889
7 0.4627604166666667 0.5347222222222222 0.0203125 0.0638888888888889
2 0.4830729166666667 0.5347222222222222 0.0203125 0.0638888888888889
5 0.5033854166666667 0.5347222222222222 0.0203125 0.0638888888888889
3 0.5236979166666667 0.5347222222222222 0.0203125 0.0638888888888889
6 0.75546875 0.7277777777777779 0.04010416666666666 0.1462962962962963
2 0.7955729166666666 0.7277777777777779 0.04010416666666666 0.1462962962962963
8 0.8356770833333333 0.7277777777777779 0.04010416666666666 0.1462962962962963
0 0.87578125 0.7277777777777779 0.04010416666666666 0.1462962962962963
2 0.9158854166666667 0.7277777777777779 0.04010416666666666 0.1462962962962963
5 0.9559895833333333 0.7277777777777779 0.04010416666666666 0.1462962962962963
0 0.19296875 0.5055555555555555 0.034895833333333334 0.1388888888888889
1 0.21614583333333334 0.5055555555555555 0.011458333333333333 0.1388888888888889
8 0.23932291666666666 0.5055555555555555 0.034895833333333334 0.1388888888888889
8 0.27421875 0.5055555555555555 0.034895833333333334 0.1388888888888889
0 0.3091145833333333 0.5055555555555555 0.034895833333333334 0.1388888888888889
7 0.34270833333333334 0.5055555555555555 0.03229166666666666 0.1388888888888889
7 0.024479166666666666 0.29212962962962963 0.04895833333333333 0.15462962962962964
2 0.0734375 0.29212962962962963 0.04895833333333333 0.15462962962962964
3 0.12239583333333333 0.29212962962962963 0.04895833333333333 0.15462962962962964
9 0.17135416666666667 0.29212962962962963 0.04895833333333333 0.15462962962962964
1 0.2203125 0.29212962962962963 0.04895833333333333 0.15462962962962964
4 0.26927083333333335 0.29212962962962963 0.04895833333333333 0.15462962962962964
5 0.8046875 0.5898148148148148 0.03333333333333333 0.12037037037037038
7 0.8380208333333333 0.5898148148148148 0.03333333333333333 0.12037037037037038
9 0.8713541666666667 0.5898148148148148 0.03333333333333333 0.12037037037037038
5 0.9046875 0.5898148148148148 0.03333333333333333 0.12037037037037038
9 0.9380208333333333 0.5898148148148148 0.03333333333333333 0.12037037037037038
0 0.9713541666666666 0.5898148148148148 0.03333333333333333 0.12037037037037038
