0 0.3875 0.1902777777777778 0.01875 0.06018518518518519
9 0.40625 0.1902777777777778 0.01875 0.06018518518518519
4 0.425 0.1902777777777778 0.01875 0.06018518518518519
5 0.44375 0.1902777777777778 0.01875 0.06018518518518519
0 0.46249999999999997 0.1902777777777778 0.01875 0.06018518518518519
4 0.48125 0.1902777777777778 0.01875 0.06018518518518519
9 0.38385416666666666 0.09675925925925927 0.029166666666666667 0.11203703703703705
3 0.41302083333333334 0.09675925925925927 0.029166666666666667 0.11203703703703705
3 0.4421875 0.09675925925925927 0.029166666666666667 0.11203703703703705
0 0.4713541666666667 0.09675925925925927 0.029166666666666667 0.11203703703703705
2 0.5005208333333333 0.09675925925925927 0.029166666666666667 0.11203703703703705
0 0.5296875 0.09675925925925927 0.029166666666666667 0.11203703703703705
2 0.47604166666666664 0.6833333333333333 0.0375 0.15
6 0.5135416666666667 0.6833333333333333 0.0375 0.15
4 0.55078125 0.6833333333333333 0.03697916666666667 0.15
6 0.5880208333333333 0.6833333333333333 0.0375 0.15
1 0.6127604166666667 0.6833333333333333 0.011979166666666666 0.15
7 0.6361979166666667 0.6833333333333333 0.034895833333333334 0.15
6 0.6875 0.7976851851851852 0.03229166666666666 0.125
9 0.7197916666666666 0.7976851851851852 0.03229166666666666 0.125
8 0.7520833333333333 0.7976851851851852 0.03229166666666666 0.125
0 0.784375 0.7976851851851852 0.03229166666666666 0.125
5 0.8166666666666667 0.7976851851851852 0.03229166666666666 0.125
9 0.8489583333333334 0.7976851851851852 0.03229166666666666 0.125
1 0.04401041666666666 0.2490740740740741 0.0171875 0.2111111111111111
3 0.07708333333333334 0.2490740740740741 0.04895833333333333 0.2111111111111111
4 0.12734375 0.2490740740740741 0.0515625 0.2111111111111111
2 0.1796875 0.2490740740740741 0.053125 0.2111111111111111
5 0.2328125 0.2490740740740741 0.053125 0.2111111111111111
3 0.2838541666666667 0.2490740740740741 0.04895833333333333 0.2111111111111111
0 0.8388020833333333 0.15324074074074073 0.022395833333333334 0.08981481481481482
3 0.8604166666666666 0.15324074074074073 0.020833333333333332 0.08981481481481482
8 0.8820312499999999 0.15324074074074073 0.022395833333333334 0.08981481481481482
1 0.896875 0.15324074074074073 0.007291666666666667 0.08981481481481482
1 0.9041666666666667 0.15324074074074073 0.007291666666666667 0.08981481481481482
9 0.9190104166666666 0.15324074074074073 0.022395833333333334 0.08981481481481482
