2 0.8026041666666667 0.13703703703703704 0.022916666666666665 0.09074074074074075
1 0.8177083333333334 0.13703703703703704 0.007291666666666667 0.09074074074074075
1 0.825 0.13703703703703704 0.007291666666666667 0.09074074074074075
6 0.8401041666666667 0.13703703703703704 0.022916666666666665 0.09074074074074075
0 0.8630208333333333 0.13703703703703704 0.022916666666666665 0.09074074074074075
5 0.8859374999999999 0.13703703703703704 0.022916666666666665 0.09074074074074075
1 0.5453125 0.737037037037037 0.0125 0.15185185185185185
8 0.5705729166666667 0.737037037037037 0.03802083333333333 0.15185185185185185
2 0.60859375 0.737037037037037 0.03802083333333333 0.15185185185185185
8 0.6466145833333333 0.737037037037037 0.03802083333333333 0.15185185185185185
5 0.6846354166666666 0.737037037037037 0.03802083333333333 0.15185185185185185
2 0.72265625 0.737037037037037 0.03802083333333333 0.15185185185185185
7 0.6544270833333333 0.4912037037037037 0.05572916666666666 0.20277777777777778
6 0.71015625 0.4912037037037037 0.05572916666666666 0.20277777777777778
5 0.7658854166666667 0.4912037037037037 0.05572916666666666 0.20277777777777778
7 0.8216145833333334 0.4912037037037037 0.05572916666666666 0.20277777777777778
3 0.87734375 0.4912037037037037 0.05572916666666666 0.20277777777777778
8 0.9330729166666667 0.4912037037037037 0.05572916666666666 0.20277777777777778
1 0.7875 0.28935185185185186 0.013541666666666667 0.15092592592592594
7 0.8140625 0.28935185185185186 0.03958333333333333 0.15092592592592594
7 0.8536458333333333 0.28935185185185186 0.03958333333333333 0.15092592592592594
5 0.8932291666666666 0.28935185185185186 0.03958333333333333 0.15092592592592594
0 0.9328124999999999 0.28935185185185186 0.03958333333333333 0.15092592592592594
4 0.9723958333333333 0.28935185185185186 0.03958333333333333 0.15092592592592594
1 0.20338541666666665 0.29814814814814816 0.0036458333333333334 0.0462962962962963
6 0.2109375 0.29814814814814816 0.011458333333333333 0.0462962962962963
9 0.22239583333333332 0.29814814814814816 0.011458333333333333 0.0462962962962963
0 0.23385416666666667 0.29814814814814816 0.011458333333333333 0.0462962962962963
0 0.2453125 0.29814814814814816 0.011458333333333333 0.0462962962962963
1 0.25286458333333334 0.29814814814814816 0.0036458333333333334 0.0462962962962963
1 0.20364583333333333 0.7601851851851852 0.01875 0.22962962962962963
7 0.23958333333333334 0.7601851851851852 0.053125 0.22962962962962963
2 0.2950520833333333 0.7601851851851852 0.057812499999999996 0.22962962962962963
8 0.3528645833333333 0.7601851851851852 0.057812499999999996 0.22962962962962963
9 0.4106770833333333 0.7601851851851852 0.057812499999999996 0.22962962962962963
3 0.4661458333333333 0.7601851851851852 0.053125 0.22962962962962963
