2 0.5028645833333333 0.8736111111111111 0.0671875 0.21203703703703705
7 0.5700520833333333 0.8736111111111111 0.0671875 0.21203703703703705
2 0.6372395833333333 0.8736111111111111 0.0671875 0.21203703703703705
0 0.7044270833333334 0.8736111111111111 0.0671875 0.21203703703703705
6 0.7716145833333333 0.8736111111111111 0.0671875 0.21203703703703705
7 0.8388020833333333 0.8736111111111111 0.0671875 0.21203703703703705
9 0.35963541666666665 0.7046296296296296 0.018229166666666668 0.07037037037037037
3 0.37786458333333334 0.7046296296296296 0.018229166666666668 0.07037037037037037
9 0.39609375 0.7046296296296296 0.018229166666666668 0.07037037037037037
8 0.41432291666666665 0.7046296296296296 0.018229166666666668 0.07037037037037037
5 0.43255208333333334 0.7046296296296296 0.018229166666666668 0.07037037037037037
3 0.45078124999999997 0.7046296296296296 0.018229166666666668 0.07037037037037037
5 0.6546875 0.4615740740740741 0.034375 0.13240740740740742
1 0.6778645833333333 0.4615740740740741 0.011979166666666666 0.13240740740740742
0 0.7010416666666667 0.4615740740740741 0.034375 0.13240740740740742
1 0.72421875 0.4615740740740741 0.011979166666666666 0.13240740740740742
6 0.7473958333333334 0.4615740740740741 0.034375 0.13240740740740742
3 0.7817708333333333 0.4615740740740741 0.034375 0.13240740740740742
9 0.528125 0.7111111111111111 0.013541666666666667 0.053703703703703705
0 0.5416666666666666 0.7111111111111111 0.013541666666666667 0.053703703703703705
7 0.5546875 0.7111111111111111 0.0125 0.053703703703703705
9 0.5677083333333334 0.7111111111111111 0.013541666666666667 0.053703703703703705
3 0.5807291666666666 0.7111111111111111 0.0125 0.053703703703703705
0 0.59375 0.7111111111111111 0.013541666666666667 0.053703703703703705
9 0.7330729166666666 0.6064814814814815 0.0390625 0.15
6 0.7721354166666666 0.6064814814814815 0.0390625 0.15
1 0.7984375 0.6064814814814815 0.013541666666666667 0.15
2 0.8247395833333333 0.6064814814814815 0.0390625 0.15
1 0.8510416666666667 0.6064814814814815 0.013541666666666667 0.15
5 0.87734375 0.6064814814814815 0.0390625 0.15
7 0.15729166666666666 0.45046296296296295 0.042708333333333334 0.18425925925925926
6 0.20182291666666666 0.45046296296296295 0.04635416666666667 0.18425925925925926
3 0.24635416666666665 0.45046296296296295 0.042708333333333334 0.18425925925925926
9 0.2908854166666667 0.45046296296296295 0.04635416666666667 0.18425925925925926
1 0.3216145833333333 0.45046296296296295 0.015104166666666667 0.18425925925925926
7 0.35052083333333334 0.45046296296296295 0.042708333333333334 0.18425925925925926
1 0.5713541666666666 0.2796296296296296 0.017708333333333333 0.12037037037037038
0 0.596875 0.2796296296296296 0.03333333333333333 0.12037037037037038
0 0.6302083333333334 0.2796296296296296 0.03333333333333333 0.12037037037037038
1 0.6557291666666667 0.2796296296296296 0.017708333333333333 0.12037037037037038
3 0.68125 0.2796296296296296 0.03333333333333333 0.12037037037037038
6 0.7145833333333333 0.2796296296296296 0.03333333333333333 0.12037037037037038
