4 0.30182291666666666 0.5958333333333333 0.018229166666666668 0.06944444444444445
8 0.32005208333333335 0.5958333333333333 0.018229166666666668 0.06944444444444445
4 0.33828125 0.5958333333333333 0.018229166666666668 0.06944444444444445
0 0.35651041666666666 0.5958333333333333 0.018229166666666668 0.06944444444444445
3 0.37473958333333335 0.5958333333333333 0.018229166666666668 0.06944444444444445
2 0.39296875 0.5958333333333333 0.018229166666666668 0.06944444444444445
5 0.5416666666666666 0.5 0.01875 0.06851851851851852
0 0.5604166666666667 0.5 0.01875 0.06851851851851852
0 0.5791666666666666 0.5 0.01875 0.06851851851851852
6 0.5979166666666667 0.5 0.01875 0.06851851851851852
7 0.6166666666666667 0.5 0.01875 0.06851851851851852
7 0.6354166666666666 0.5 0.01875 0.06851851851851852
5 0.46171875 0.8722222222222222 0.0234375 0.07407407407407407
1 0.48515625 0.8722222222222222 0.0234375 0.07407407407407407
7 0.50859375 0.8722222222222222 0.0234375 0.07407407407407407
4 0.53203125 0.8722222222222222 0.0234375 0.07407407407407407
7 0.55546875 0.8722222222222222 0.0234375 0.07407407407407407
2 0.57890625 0.8722222222222222 0.0234375 0.07407407407407407
3 0.26640625 0.32546296296296295 0.0671875 0.21203703703703705
1 0.33359375 0.32546296296296295 0.0671875 0.21203703703703705
8 0.40078125 0.32546296296296295 0.0671875 0.21203703703703705
2 0.46796875 0.32546296296296295 0.0671875 0.21203703703703705
8 0.53515625 0.32546296296296295 0.0671875 0.21203703703703705
4 0.6020833333333333 0.32546296296296295 0.06666666666666667 0.21203703703703705
7 0.6893229166666667 0.6439814814814815 0.050520833333333334 0.2175925925925926
3 0.73984375 0.6439814814814815 0.050520833333333334 0.2175925925925926
3 0.7903645833333334 0.6439814814814815 0.050520833333333334 0.2175925925925926
0 0.8429687499999999 0.6439814814814815 0.0546875 0.2175925925925926
1 0.8791666666666667 0.6439814814814815 0.017708333333333333 0.2175925925925926
3 0.9132812499999999 0.6439814814814815 0.050520833333333334 0.2175925925925926
