9 0.6783854166666666 0.33287037037037037 0.057812499999999996 0.23055555555555557
1 0.7166666666666667 0.33287037037037037 0.01875 0.23055555555555557
0 0.7549479166666666 0.33287037037037037 0.057812499999999996 0.23055555555555557
1 0.7932291666666667 0.33287037037037037 0.01875 0.23055555555555557
2 0.8315104166666667 0.33287037037037037 0.057812499999999996 0.23055555555555557
5 0.8893229166666666 0.33287037037037037 0.057812499999999996 0.23055555555555557
9 0.3380208333333333 0.5953703703703704 0.03333333333333333 0.13333333333333333
9 0.37135416666666665 0.5953703703703704 0.03333333333333333 0.13333333333333333
9 0.4046875 0.5953703703703704 0.03333333333333333 0.13333333333333333
1 0.42682291666666666 0.5953703703703704 0.0109375 0.13333333333333333
0 0.44895833333333335 0.5953703703703704 0.03333333333333333 0.13333333333333333
9 0.4822916666666667 0.5953703703703704 0.03333333333333333 0.13333333333333333
6 0.44557291666666665 0.8175925925925926 0.05260416666666667 0.20185185185185187
7 0.4981770833333333 0.8175925925925926 0.05260416666666667 0.20185185185185187
1 0.53359375 0.8175925925925926 0.018229166666666668 0.20185185185185187
2 0.5690104166666666 0.8175925925925926 0.05260416666666667 0.20185185185185187
5 0.6216145833333333 0.8175925925925926 0.05260416666666667 0.20185185185185187
6 0.67421875 0.8175925925925926 0.05260416666666667 0.20185185185185187
3 0.029947916666666668 0.5810185185185185 0.0421875 0.1527777777777778
2 0.07213541666666666 0.5810185185185185 0.0421875 0.1527777777777778
6 0.11432291666666666 0.5810185185185185 0.0421875 0.1527777777777778
3 0.15651041666666665 0.5810185185185185 0.0421875 0.1527777777777778
3 0.19869791666666667 0.5810185185185185 0.0421875 0.1527777777777778
2 0.24088541666666666 0.5810185185185185 0.0421875 0.1527777777777778
3 0.37395833333333334 0.16620370370370371 0.027083333333333334 0.09907407407407408
9 0.4010416666666667 0.16620370370370371 0.027083333333333334 0.09907407407407408
2 0.428125 0.16620370370370371 0.027083333333333334 0.09907407407407408
6 0.4552083333333333 0.16620370370370371 0.027083333333333334 0.09907407407407408
3 0.4822916666666667 0.16620370370370371 0.027083333333333334 0.09907407407407408
3 0.509375 0.16620370370370371 0.027083333333333334 0.09907407407407408
