9 0.7294270833333333 0.2111111111111111 0.030729166666666665 0.11851851851851852
7 0.76015625 0.2111111111111111 0.030729166666666665 0.11851851851851852
0 0.7908854166666667 0.2111111111111111 0.030729166666666665 0.11851851851851852
3 0.8216145833333334 0.2111111111111111 0.030729166666666665 0.11851851851851852
2 0.85234375 0.2111111111111111 0.030729166666666665 0.11851851851851852
3 0.8830729166666667 0.2111111111111111 0.030729166666666665 0.11851851851851852
3 0.019270833333333334 0.0699074074074074 0.025 0.0787037037037037
7 0.044270833333333336 0.0699074074074074 0.025 0.0787037037037037
6 0.06927083333333334 0.0699074074074074 0.025 0.0787037037037037
6 0.09427083333333333 0.0699074074074074 0.025 0.0787037037037037
0 0.11927083333333333 0.0699074074074074 0.025 0.0787037037037037
0 0.14427083333333332 0.0699074074074074 0.025 0.0787037037037037
7 0.6388020833333333 0.8731481481481482 0.025520833333333333 0.08148148148148149
2 0.6643229166666667 0.8731481481481482 0.025520833333333333 0.08148148148148149
6 0.68984375 0.8731481481481482 0.025520833333333333 0.08148148148148149
1 0.7153645833333333 0.8731481481481482 0.025520833333333333 0.08148148148148149
4 0.7408854166666666 0.8731481481481482 0.025520833333333333 0.08148148148148149
2 0.76640625 0.8731481481481482 0.025520833333333333 0.08148148148148149
2 0.19661458333333334 0.7527777777777778 0.0390625 0.12407407407407407
4 0.23567708333333334 0.7527777777777778 0.0390625 0.12407407407407407
1 0.2747395833333333 0.7527777777777778 0.0390625 0.12407407407407407
7 0.3138020833333333 0.7527777777777778 0.0390625 0.12407407407407407
1 0.3528645833333333 0.7527777777777778 0.0390625 0.12407407407407407
6 0.3919270833333333 0.7527777777777778 0.0390625 0.12407407407407407
6 0.6182291666666666 0.7018518518518518 0.02395833333333333 0.09444444444444444
0 0.6421875 0.7018518518518518 0.02395833333333333 0.09444444444444444
2 0.6661458333333333 0.7018518518518518 0.02395833333333333 0.09444444444444444
5 0.6901041666666666 0.7018518518518518 0.02395833333333333 0.09444444444444444
0 0.7140625 0.7018518518518518 0.02395833333333333 0.09444444444444444
3 0.7369791666666666 0.7018518518518518 0.021875 0.09444444444444444
5 0.603125 0.5967592592592593 0.03125 0.11388888888888889
1 0.6270833333333333 0.5967592592592593 0.016666666666666666 0.11388888888888889
7 0.6510416666666666 0.5967592592592593 0.03125 0.11388888888888889
9 0.6822916666666666 0.5967592592592593 0.03125 0.11388888888888889
3 0.7135416666666666 0.5967592592592593 0.03125 0.11388888888888889
0 0.7447916666666666 0.5967592592592593 0.03125 0.11388888888888889
